CNN STFT: 

Test 0: 
[17.40647753]
17.40647752950037
Test 1: 
nan
nan



CNN STFT: 

Test 0: 
[65.98146288]
65.98146288392334
Test 1: 
nan
nan



CNN STFT: 

Test 0: 
[65.58394008]
65.58394007866767
Test 1: 
nan
nan



CNN STFT: 

Test 0: 
[67.13741736]
67.13741735710101
Test 1: 
nan
nan



CNN STFT: 

Test 0: 
[68.37706084]
68.37706084191146
Test 1: 
nan
nan



CNN STFT: 

Test 0: 
[67.39894552]
67.39894551845343
Test 1: 
nan
nan



CNN STFT: 

Test 0: 
[77.84856473]
77.8485647334505
Test 1: 
nan
nan



CNN STFT: 

Test 0: 
[77.72616955]
77.72616955393757
Test 1: 
nan
nan



CNN STFT: 

Test 0: 
[84.54733672 94.40993789 69.36970837 80.37295159 88.49340866 86.13674892
 94.03462552 83.83210992 62.66942771 68.14242653 83.27375353 72.99792727
 71.84027124 63.28375071 74.77867772 68.6746988  14.25070688 79.42727958]
74.47420819636949
Test 1: 
nan
nan



CNN STFT: 

Test 0: 
[90.75851685 92.99830604 86.52869238 90.16763986 96.29001883 86.28743643
 94.599172   75.17410126 14.28840361 66.91785983 95.97365945 89.35368381
 83.14183462 80.86989268 79.60067809 85.9563253  14.3072573  90.01507159]
78.51269721928954
Test 1: 
nan
nan



CNN STFT: 

Test 0: 
[81.94993412 98.13664596 80.37629351 94.98964023 76.15819209 80.54247504
 79.39405344 94.71108602 69.01355422 14.28033157 83.16086548 83.96457509
 98.60614052 85.04989644 14.29647768 64.85316265]
74.96770775405734
Test 1: 
nan
nan



CNN STFT: 

Test 0: 
[91.09730849 87.33772342 92.14541345 91.73258004 89.3200226  91.17425668
 91.134952   91.50978916 92.20045215 91.15710254 92.462785   91.78753061
 86.85746564 92.23959314 90.5685241  88.80301602 90.99472494]
90.73666117557258
Test 1: 
nan
nan



CNN STFT: 

Test 0: 
[98.62601167 83.76293509 98.19174986 14.29378531 93.23789791 95.91644712
 97.30848861 94.16415663 77.61868877 93.58419567 93.44262295 98.9828593
 92.29900207 80.9568657  14.25075301 14.3072573  87.82969103]
78.16314164753803
Test 1: 
nan
nan



CNN STFT: 

Test 0: 
[99.2847732  90.27281279 98.43661707 99.90583804 96.02561688 99.86827249
 99.02126859 99.47289157 97.92765637 97.27187206 85.90540795 99.02053117
 97.72170966 88.02034281 96.7996988  95.28746466 96.38281839]
96.27209367535858
Test 1: 
nan
nan



CNN STFT: 

Test 0: 
[95.59570864 90.68673565 97.0992654  99.47269303 93.7653042  99.75536319
 97.92960663 94.89834337 95.17709118 96.55691439 86.75334464 98.15407798
 89.51233289 91.82520249 98.09864458 96.32422243 96.08138659]
95.15801395806014
Test 1: 
nan
nan



CNN STFT: 

Test 0: 
[99.22830792 95.31514581 99.88698437 99.92467043 94.93313242 99.8870907
 99.19066441 99.24698795 95.55388093 96.98965193 91.48294705 97.15577322
 91.92242516 93.93482765 97.42093373 94.57115928 95.96834966]
96.62429015486164
Test 1: 
nan
nan



CNN STFT: 

Test 0: 
[83.75682289 78.11853246 83.70691279 83.74764595 83.65040497 83.75987956
 83.71917937 81.3064759  83.68500377 83.66886171 80.64820049 83.72574873
 83.75070608 83.72574873 83.69728916 83.22337418 83.68500377]
83.03387002958424
Test 1: 
nan
nan



CNN STFT: 

Test 0: 
[97.34613213 89.99059266 99.35957807 99.7740113  94.46223394 98.66390666
 99.84942594 96.00903614 98.70007536 95.6349953  98.15338233 98.66264833
 83.4306157  97.36296854 95.82078313 94.98586239 95.17709118]
96.08137288939879
Test 1: 
nan
nan



CNN STFT: 

Test 0: 
[0.98795407 0.89727187 0.98945187 0.99397363 0.9146732  0.98814452
 0.98870695 0.97571536 0.9042954  0.95540922 0.9807801  0.99585609
 0.81754848 0.94462234 0.91001506 0.92214892 0.91748304]
0.946120596758
Test 1: 
nan
nan



CNN STFT: 

Test 0: 
[0.96762658 0.88673565 0.98041062 0.99397363 0.93049539 0.96894994
 0.99510634 0.99567018 0.91785983 0.93753528 0.9615602  0.99717461
 0.78440972 0.92371445 0.91396837 0.87464656 0.88470234]
0.9361493939603708
Test 1: 
nan
nan



CNN STFT: 

Test 0: 
[99.30359496 91.11947319 99.73629685 99.86817326 94.72593709 98.68272488
 98.5695464  98.04216867 98.66239638 97.64816557 87.52590918 99.19005462
 92.75089437 95.32868714 91.98042169 94.91046183 93.23662396]
95.95773706060284
Test 1: 
nan
nan



CNN STFT: 

Test 0: 
[99.73649539 87.22483537 99.03936711 99.24670433 93.67112451 97.83590516
 96.98851873 90.6061747  91.78598342 97.46001881 91.97286603 96.89207007
 91.941254   90.88340554 95.87725904 90.06597549 93.99020347]
94.42459771531156
Test 1: 
nan
nan



CNN STFT: 

Test 0: 
[99.36006023 91.02539981 98.70032021 99.02071563 94.80128084 98.73917953
 96.57444005 95.04894578 95.08289375 97.76105362 92.97154701 98.04106235
 85.52061759 87.85081936 97.00677711 92.76154571 92.70911831]
94.88092805280814
Test 1: 
nan
nan



CNN STFT: 

Test 0: 
[99.43534726 86.73565381 99.41608589 99.52919021 95.23450744 99.09672563
 98.94598155 96.74322289 89.46872645 95.82314205 91.78443565 97.13693728
 91.09395594 90.29949143 95.55722892 90.06597549 93.50037679]
94.6980579227331
Test 1: 
nan
nan



CNN STFT: 

Test 0: 
[96.78147939 93.20790216 99.26539838 99.07721281 95.08381993 97.34663154
 98.47543761 96.44201807 97.62622457 95.40921919 95.0254381  98.43661707
 88.85332329 96.34582784 94.52183735 95.45711593 95.21477016]
96.03354549272797
Test 1: 
nan
nan



CNN STFT: 

Test 0: 
[96.44268775 84.08278457 93.52043699 97.83427495 93.72763232 99.75536319
 97.57199322 89.79668675 93.65109269 96.27469426 85.41548898 96.28932002
 86.8009791  92.54096817 98.15512048 93.15739868 94.49886963]
93.50092892720811
Test 1: 
nan
nan



CNN STFT: 

Test 0: 
[98.96480331 99.71767363 89.25682032 98.70032021 99.49152542 95.04614805
 98.5886338  98.3436853  96.44201807 90.74981161 96.55691439 92.72658753
 98.22942174 87.911881   93.87831983 96.47966867 91.32893497 91.86134137]
95.23747273491543
Test 1: 
nan
nan



CNN STFT: 

Test 0: 
[99.36006023]
99.36006022962545
Test 1: 
nan
nan



